    igrf2025
 13  6371.2 2025.0
-29350.0
-1410.3
4545.5
-2556.2
2950.9
-3133.6
1648.7
-814.2
1360.9
-2404.2
-56.9
1243.8
237.6
453.4
-549.6
894.7
799.6
278.6
55.8
-134.0
-281.1
212.0
12.0
-375.4
-232.9
369.0
45.3
187.2
220.0
-138.7
-122.9
-141.9
42.9
20.9
106.2
64.3
63.8
-18.4
76.7
16.8
-115.7
48.9
-40.9
-59.8
14.9
10.9
-60.8
72.8
79.6
-76.9
-48.9
-8.8
-14.4
59.3
-1.0
15.8
23.5
2.5
-7.4
-11.2
-25.1
14.3
-2.2
23.1
10.9
7.2
-17.5
-12.6
2.0
11.5
-21.8
-9.7
16.9
12.7
14.9
0.7
-16.8
-5.2
1.0
3.9
4.7
8.0
-24.8
3.0
12.1
-0.2
8.3
-2.5
-3.4
-13.1
-5.3
2.4
7.2
8.6
-0.6
-8.7
0.8
-12.8
9.8
-1.3
-6.4
3.3
0.2
0.1
2.0
2.5
-1.0
5.4
-0.5
-9.0
-0.9
0.4
1.5
-4.2
0.9
-3.8
-2.6
0.9
-3.9
-9.0
3.0
-1.4
0.0
-2.5
2.8
2.4
-0.6
-0.6
0.1
0.0
0.5
-0.6
-0.3
-0.1
-1.2
1.1
-1.7
-1.0
-2.9
-0.1
-1.8
2.6
-2.3
-2.0
-0.1
-1.2
0.4
0.6
1.2
1.0
-1.2
-1.5
0.6
0.0
0.5
0.6
0.5
-0.2
-0.1
0.8
-0.5
0.1
-0.2
-0.9
-1.2
0.1
-0.7
0.2
0.2
-0.9
-0.9
0.6
0.7
0.7
1.2
-0.2
-0.3
0.5
-1.3
0.1
-0.1
0.7
0.2
0.0
-0.2
0.3
0.5
0.2
0.6
0.4
-0.6
-0.5
-0.3
-0.4
-0.5
